168.836;1322;92
87.625;555;38
250.448;1584;100
178.978;1197;81
98.57;642;41
132.203;893;60
160.57;1119;73
127.5;842;57
204.941;1606;111
143.099;1021;68
199.717;1474;102
228.468;1573;102
134.793;972;65
96.492;668;46
169.794;1208;81
118.103;904;62
102.673;624;41
161.865;1088;74
176.732;1226;81
213.265;1358;88
91.057;624;42
89.317;575;39
166.866;1002;62
120.567;849;58
199.956;1397;93
186.144;1316;88
180.202;1240;82
207.032;1390;90
105.421;719;49
211.826;1333;83
218.249;1382;91
126.257;816;54
102.007;746;50
82.486;525;34
131.211;884;58
129.668;982;68
92.379;607;39
66.381;502;35
150.216;1075;72
131.137;837;57
96.421;696;47
119.945;819;53
126.397;868;57
204.041;1323;85
175.192;1237;83
168.621;1118;74
176.725;1357;95
137.388;967;64
438.723;2751;170
150.715;983;65
245.808;1570;98
102.698;680;47
146.874;1090;75
142.23;964;65
122.586;769;51
144.374;962;64
168.554;1011;63
108.863;749;51
211.619;1359;87
142.991;974;67
90.148;629;42
124.439;808;52
123.479;806;54
158.209;1054;71
113.976;720;47
111.53;865;59
133.857;896;58
187.658;1461;101
254.647;1697;107
131.742;861;56
150.514;1004;65
164.225;1170;77
155.104;1032;67
117.419;776;51
162.393;1079;72
123.831;805;53
181.331;1264;85
142.284;922;60
149.841;1093;72
115.306;876;63
128.215;838;55
170.245;1070;69
145.848;1028;71
410.798;2656;164
132.309;892;60
153.537;1084;72
262.739;1779;113
141.051;906;60
179.437;1219;80
151.02;1183;84
215.445;1436;93
78.656;515;34
175.094;1161;78
83.388;559;38
129.011;892;59
86.283;595;40
172.042;1050;65
66.48;455;31
178.297;1185;79
215.705;1429;95
