elapsed time per run [sec]
90.64758372306824
186.38531351089478
77.84950041770935
213.46975374221802
64.21710586547852
64.28405785560608
52.70879530906677
106.7504415512085
90.878910779953
104.35006856918335
94.7938859462738
74.71934604644775
108.66558408737183
87.19110560417175
75.50163960456848
77.38097333908081
54.99388885498047
96.16600823402405
62.765663385391235
107.98395347595215
100.40114951133728
58.292190074920654
84.48106646537781
80.05120372772217
146.22190594673157
154.01143598556519
143.03001403808594
129.6370403766632
193.40674304962158
109.1928117275238
87.65428972244263
117.78279662132263
105.91474509239197
90.1806468963623
137.64005064964294
113.39278292655945
73.44428324699402
72.23265171051025
140.891348361969
108.56467318534851
74.07335758209229
119.72340154647827
194.89459681510925
77.33412957191467
109.51345181465149
139.87313723564148
149.27461338043213
147.67196583747864
109.56260776519775
202.55625867843628
96.22127437591553
151.1458384990692
84.86776328086853
69.71119618415833
347.35145235061646
110.98653268814087
118.21354007720947
107.30998396873474
72.31979489326477
93.41856336593628
74.46684122085571
164.4022080898285
85.77634334564209
174.8041729927063
134.80601382255554
176.24794816970825
127.48595523834229
144.32864427566528
149.7229995727539
148.65678024291992
153.2110469341278
97.87642359733582
69.80617833137512
109.22885084152222
76.6143000125885
91.44914841651917
90.89728093147278
129.43481826782227
138.84541130065918
124.77534198760986
103.64390277862549
58.33050203323364
83.01575183868408
128.58354234695435
98.611976146698
110.30566716194153
76.0779025554657
74.92074871063232
67.66381621360779
125.09484314918518
225.92216038703918
119.14883804321289
95.18865585327148
54.92166471481323
189.00441598892212
66.00107955932617
181.39020824432373
90.16295218467712
74.25928378105164
