elapsed time per run [sec]
372.66547083854675
553.292778968811
240.08924508094788
193.90876984596252
262.988068819046
212.85110878944397
440.36522603034973
372.49733424186707
305.2199640274048
238.43628001213074
468.6107063293457
508.35842871665955
406.92600893974304
433.5581920146942
494.47525358200073
451.3094925880432
437.4241871833801
246.57050728797913
565.7909088134766
676.8436751365662
373.71706223487854
306.5286648273468
378.1560115814209
403.5994815826416
422.31645345687866
430.4610764980316
358.17476749420166
416.3291509151459
420.9927670955658
344.0304682254791
282.40260219573975
402.67681074142456
422.300888299942
291.40322732925415
422.4268162250519
324.08237290382385
499.7232754230499
287.3185496330261
385.75246119499207
420.0790865421295
358.4458944797516
394.3516023159027
452.5332236289978
335.46387004852295
472.81780433654785
532.2867300510406
364.988755941391
369.2204694747925
397.0033972263336
265.70545077323914
822.8929908275604
531.8826444149017
304.78944969177246
285.11254143714905
356.3340759277344
287.79858136177063
581.0844323635101
403.4148771762848
355.0717628002167
531.2209868431091
493.47818970680237
321.3176760673523
269.3310902118683
238.88372802734375
476.0809655189514
533.5583503246307
445.30268454551697
500.57914113998413
479.31419825553894
282.8172426223755
226.42754912376404
302.3077347278595
427.7333266735077
526.1476182937622
384.3697724342346
289.3750567436218
272.3314034938812
462.3163731098175
330.6518340110779
363.75072836875916
642.5964288711548
566.37131690979
351.8050479888916
457.49989080429077
477.92461037635803
325.02023911476135
933.0402092933655
565.7811088562012
824.5865235328674
502.459504365921
324.3206171989441
357.8819947242737
594.5508501529694
243.20766830444336
261.46342039108276
294.3932704925537
286.6241362094879
502.8479971885681
287.9132282733917
340.7048649787903