514298;502.244140625; 0.49047279357910156
367017;358.4150390625; 0.35001468658447266
215845;210.7861328125; 0.20584583282470703
593774;579.857421875; 0.5662670135498047
340757;332.7705078125; 0.32497119903564453
232323;226.8779296875; 0.22156047821044922
148961;145.4697265625; 0.1420602798461914
370861;362.1689453125; 0.3536806106567383
311841;304.5322265625; 0.2973947525024414
223113;217.8837890625; 0.21277713775634766
1182130;1154.423828125; 1.1273670196533203
464097;453.2197265625; 0.4425973892211914
367080;358.4765625; 0.35007476806640625
499004;487.30859375; 0.4758872985839844
475783;464.6318359375; 0.45374202728271484
286246;279.537109375; 0.27298545837402344
461267;450.4560546875; 0.4398984909057617
296103;289.1630859375; 0.28238582611083984
142852;139.50390625; 0.13623428344726562
234273;228.7822265625; 0.2234201431274414
183182;178.888671875; 0.1746959686279297
220653;215.4814453125; 0.21043109893798828
808987;790.0263671875; 0.771510124206543
298402;291.408203125; 0.2845783233642578
377298;368.455078125; 0.3598194122314453
378363;369.4951171875; 0.36083507537841797
479449;468.2119140625; 0.45723819732666016
442785;432.4072265625; 0.4222726821899414
239159;233.5537109375; 0.22807979583740234
335324;327.46484375; 0.3197898864746094
405337;395.8369140625; 0.38655948638916016
259227;253.1513671875; 0.24721813201904297
393578;384.353515625; 0.37534523010253906
196334;191.732421875; 0.1872386932373047
369488;360.828125; 0.3523712158203125
462302;451.466796875; 0.4408855438232422
336507;328.6201171875; 0.32091808319091797
271918;265.544921875; 0.2593212127685547
413284;403.59765625; 0.3941383361816406
688879;672.7333984375; 0.6569662094116211
181312;177.0625; 0.17291259765625
287531;280.7919921875; 0.27421092987060547
290271;283.4677734375; 0.2768239974975586
269700;263.37890625; 0.2572059631347656
312560;305.234375; 0.2980804443359375
279990;273.427734375; 0.26701927185058594
465363;454.4560546875; 0.4438047409057617
292219;285.3701171875; 0.27868175506591797
211216;206.265625; 0.2014312744140625
215201;210.1572265625; 0.2052316665649414
344958;336.873046875; 0.3289775848388672
692988;676.74609375; 0.6608848571777344
249807;243.9521484375; 0.2382345199584961
174175;170.0927734375; 0.1661062240600586
348596;340.42578125; 0.3324470520019531
616608;602.15625; 0.588043212890625
862229;842.0205078125; 0.8222856521606445
238067;232.4873046875; 0.22703838348388672
364538;355.994140625; 0.34765052795410156
343062;335.021484375; 0.32716941833496094
432660;422.51953125; 0.4126167297363281
1052358;1027.693359375; 1.0036067962646484
271532;265.16796875; 0.2589530944824219
246117;240.3486328125; 0.23471546173095703
595192;581.2421875; 0.5676193237304688
406116;396.59765625; 0.3873023986816406
216138;211.072265625; 0.20612525939941406
410775;401.1474609375; 0.39174556732177734
451920;441.328125; 0.4309844970703125
1036579;1012.2841796875; 0.9885587692260742
180217;175.9931640625; 0.17186832427978516
240295;234.6630859375; 0.22916316986083984
174225;170.1416015625; 0.1661539077758789
297897;290.9150390625; 0.28409671783447266
334847;326.9990234375; 0.3193349838256836
290058;283.259765625; 0.27662086486816406
537216;524.625; 0.5123291015625
445944;435.4921875; 0.42528533935546875
190671;186.2021484375; 0.1818380355834961
322016;314.46875; 0.307098388671875
623273;608.6650390625; 0.5943994522094727
289207;282.4287109375; 0.27580928802490234
190934;186.458984375; 0.18208885192871094
562304;549.125; 0.5362548828125
193327;188.7958984375; 0.1843709945678711
250891;245.0107421875; 0.23926830291748047
237345;231.7822265625; 0.2263498306274414
228451;223.0966796875; 0.21786785125732422
383552;374.5625; 0.36578369140625
192475;187.9638671875; 0.18355846405029297
151639;148.0849609375; 0.14461421966552734
233916;228.43359375; 0.22307968139648438
278706;272.173828125; 0.2657947540283203
393886;384.654296875; 0.3756389617919922
219818;214.666015625; 0.20963478088378906
305740;298.57421875; 0.2915763854980469
330622;322.873046875; 0.3153057098388672
241135;235.4833984375; 0.2299642562866211
472383;461.3115234375; 0.4504995346069336
551105;538.1884765625; 0.5255746841430664
300505;293.4619140625; 0.28658390045166016
201872;197.140625; 0.1925201416015625
366368;357.78125; 0.349395751953125
329942;322.208984375; 0.31465721130371094
283181;276.5439453125; 0.2700624465942383
445684;435.23828125; 0.4250373840332031
317114;309.681640625; 0.30242347717285156
331626;323.853515625; 0.31626319885253906
240402;234.767578125; 0.2292652130126953
446205;435.7470703125; 0.4255342483520508
317161;309.7275390625; 0.30246829986572266
268380;262.08984375; 0.2559471130371094
184227;179.9091796875; 0.17569255828857422
538011;525.4013671875; 0.513087272644043
243117;237.4189453125; 0.23185443878173828
249168;243.328125; 0.2376251220703125
487493;476.0673828125; 0.46490955352783203
241004;235.35546875; 0.22983932495117188
261895;255.7568359375; 0.24976253509521484
631158;616.365234375; 0.6019191741943359
201564;196.83984375; 0.19222640991210938
217571;212.4716796875; 0.20749187469482422
595027;581.0810546875; 0.5674619674682617
148960;145.46875; 0.142059326171875
555455;542.4365234375; 0.5297231674194336
322835;315.2685546875; 0.3078794479370117
349336;341.1484375; 0.33315277099609375
370778;362.087890625; 0.35360145568847656
157104;153.421875; 0.1498260498046875
181779;177.5185546875; 0.17335796356201172
411878;402.224609375; 0.39279747009277344
307564;300.35546875; 0.2933158874511719
256220;250.21484375; 0.24435043334960938
196744;192.1328125; 0.18762969970703125
329486;321.763671875; 0.3142223358154297
228513;223.1572265625; 0.2179269790649414
336748;328.85546875; 0.3211479187011719
237862;232.287109375; 0.22684288024902344
247226;241.431640625; 0.23577308654785156
760338;742.517578125; 0.7251148223876953
413317;403.6298828125; 0.39416980743408203
277427;270.9248046875; 0.2645750045776367
630626;615.845703125; 0.6014118194580078
1162476;1135.23046875; 1.1086235046386719
399766;390.396484375; 0.38124656677246094
187426;183.033203125; 0.1787433624267578
151020;147.48046875; 0.14402389526367188
233117;227.6533203125; 0.22231769561767578
248543;242.7177734375; 0.2370290756225586
299137;292.1259765625; 0.2852792739868164
807327;788.4052734375; 0.7699270248413086
318572;311.10546875; 0.3038139343261719
270470;264.130859375; 0.25794029235839844
213670;208.662109375; 0.20377159118652344
432037;421.9111328125; 0.41202259063720703
256544;250.53125; 0.244659423828125
801846;783.052734375; 0.7646999359130859
234553;229.0556640625; 0.22368717193603516
323551;315.9677734375; 0.3085622787475586
641853;626.8095703125; 0.6121187210083008
465683;454.7685546875; 0.4441099166870117
688665;672.5244140625; 0.6567621231079102
437974;427.708984375; 0.41768455505371094
268722;262.423828125; 0.2562732696533203
243531;237.8232421875; 0.23224925994873047
628910;614.169921875; 0.5997753143310547
482332;471.02734375; 0.4599876403808594
238439;232.8505859375; 0.22739315032958984
488565;477.1142578125; 0.46593189239501953
348126;339.966796875; 0.3319988250732422
182834;178.548828125; 0.1743640899658203
170835;166.8310546875; 0.16292095184326172
612777;598.4150390625; 0.5843896865844727
277246;270.748046875; 0.2644023895263672
256496;250.484375; 0.2446136474609375
107336;104.8203125; 0.10236358642578125
257157;251.1298828125; 0.24524402618408203
453784;443.1484375; 0.43276214599609375
632929;618.0947265625; 0.6036081314086914
229615;224.2333984375; 0.2189779281616211
349607;341.4130859375; 0.33341121673583984
172048;168.015625; 0.1640777587890625
236620;231.07421875; 0.22565841674804688
277972;271.45703125; 0.2650947570800781
226562;221.251953125; 0.2160663604736328
329438;321.716796875; 0.3141765594482422
796462;777.794921875; 0.7595653533935547
368363;359.7294921875; 0.35129833221435547
328842;321.134765625; 0.31360816955566406
413881;404.1806640625; 0.39470767974853516
402435;393.0029296875; 0.3837919235229492
642065;627.0166015625; 0.6123208999633789
496991;485.3427734375; 0.4739675521850586
646029;630.8876953125; 0.6161012649536133
566369;553.0947265625; 0.5401315689086914
266854;260.599609375; 0.25449180603027344
529334;516.927734375; 0.5048122406005859
390034;380.892578125; 0.3719654083251953
311285;303.9892578125; 0.29686450958251953
588608;574.8125; 0.56134033203125
