size of a run [B]; [KB]; [MB] 
565810;552.548828125; 0.5395984649658203
860002;839.845703125; 0.8201618194580078
357568;349.1875; 0.34100341796875
277502;270.998046875; 0.2646465301513672
401066;391.666015625; 0.38248634338378906
298767;291.7646484375; 0.2849264144897461
628800;614.0625; 0.59967041015625
548977;536.1103515625; 0.5235452651977539
452239;441.6396484375; 0.4312887191772461
335768;327.8984375; 0.32021331787109375
640902;625.880859375; 0.6112117767333984
496394;484.759765625; 0.47339820861816406
423584;413.65625; 0.403961181640625
475257;464.1181640625; 0.45324039459228516
501768;490.0078125; 0.47852325439453125
431485;421.3720703125; 0.4114961624145508
411451;401.8076171875; 0.39239025115966797
233890;228.408203125; 0.2230548858642578
563753;550.5400390625; 0.5376367568969727
720473;703.5869140625; 0.6870965957641602
449448;438.9140625; 0.42862701416015625
363713;355.1884765625; 0.3468637466430664
434570;424.384765625; 0.41443824768066406
452916;442.30078125; 0.4319343566894531
443401;433.0087890625; 0.42286014556884766
401281;391.8759765625; 0.3826913833618164
382863;373.8896484375; 0.3651266098022461
434195;424.0185546875; 0.4140806198120117
456872;446.1640625; 0.43570709228515625
374838;366.052734375; 0.35747337341308594
309408;302.15625; 0.295074462890625
461628;450.80859375; 0.4402427673339844
423471;413.5458984375; 0.4038534164428711
321703;314.1630859375; 0.30679988861083984
476197;465.0361328125; 0.45413684844970703
375179;366.3857421875; 0.35779857635498047
548674;535.814453125; 0.5232563018798828
340715;332.7294921875; 0.32493114471435547
426324;416.33203125; 0.4065742492675781
461227;450.4169921875; 0.43986034393310547
424547;414.5966796875; 0.4048795700073242
480633;469.3681640625; 0.45836734771728516
486175;474.7802734375; 0.4636526107788086
351439;343.2021484375; 0.3351583480834961
500363;488.6357421875; 0.47718334197998047
554474;541.478515625; 0.5287876129150391
392174;382.982421875; 0.3740062713623047
390146;381.001953125; 0.3720722198486328
487510;476.083984375; 0.46492576599121094
310080;302.8125; 0.29571533203125

