total bytes; number of commits; number of rounds
216.309;1422;67
328.579;2128;97
136.176;913;42
102.958;739;33
157.779;999;45
113.892;793;36
237.784;1629;74
209.157;1372;64
173.939;1140;53
126.649;870;41
248.192;1591;73
188.828;1272;60
171.62;1003;47
183.122;1170;53
195.28;1272;57
165.181;1095;49
155.529;1054;48
88.334;589;27
213.837;1391;65
262.811;1946;92
170.386;1138;51
140.647;919;43
165.916;1127;51
174.009;1185;54
168.047;1114;51
149.155;1039;50
152.554;929;43
169.828;1063;49
169.103;1202;57
146.418;909;42
119.02;789;36
176.767;1173;54
162.998;1085;50
119.41;830;39
182.457;1235;59
144.334;961;44
206.236;1465;70
135.832;848;39
160.807;1113;51
167.855;1214;56
162.542;1060;50
184.738;1217;55
185.877;1260;59
134.739;914;42
187.735;1319;62
208.117;1394;64
152.814;956;45
145.696;979;45
191.982;1207;56
120.831;735;34
358.848;2530;113
235.386;1545;71
128.972;882;41
134.714;832;39
166.549;1046;47
113.657;834;40
271.699;1780;80
149.574;1151;55
154.191;1047;48
226.444;1523;70
216.951;1449;64
148.361;956;44
123.743;812;36
97.996;668;33
210.984;1433;64
226.141;1457;65
168.239;1133;53
224.66;1324;59
175.785;1258;60
123.922;794;37
86.144;616;29
123.626;859;40
170.672;1193;57
251.591;1540;69
173.905;1072;48
127.86;818;39
123.099;791;37
210.262;1332;60
137.764;925;43
154.504;1058;48
248.777;1748;81
226.21;1563;73
145.403;1027;49
184.008;1345;64
201.163;1417;66
132.54;945;44
358.902;2431;115
240.901;1565;69
309.287;2251;106
213.231;1365;65
131.118;883;42
160.102;1026;46
245.056;1649;75
99.95;665;31
106.481;710;33
123.752;803;37
128.56;806;36
205.126;1396;64
128.184;817;37
