2; 3; 4; 5; 6; 7; 8; 9; 10; 11; 12
25;22;26;26;31;32;28;37;23;29;0
27;14;13;25;18;22;19;22;22;24;0
13;13;24;13;19;8;15;13;11;16;0
36;40;38;47;42;35;39;34;45;35;0
15;25;22;20;28;25;19;24;17;19;0
14;17;9;9;12;13;18;15;18;13;0
8;9;9;11;3;5;9;14;8;10;0
29;27;18;28;19;14;21;21;17;19;0
19;15;15;24;20;17;18;21;18;22;0
11;15;6;12;15;8;16;12;18;10;0
52;62;66;56;65;62;70;61;64;50;0
23;25;24;30;21;23;21;30;33;27;0
23;28;39;21;22;35;31;25;21;22;0
28;33;29;30;28;26;28;25;22;25;0
24;29;37;34;40;34;31;32;37;36;0
21;13;10;19;16;13;21;18;14;10;0
29;42;32;35;35;47;29;37;35;31;0
15;19;12;16;9;17;21;23;12;27;0
6;9;14;7;9;8;10;7;7;4;0
10;14;14;9;19;11;13;12;14;12;0
12;8;9;11;14;8;13;15;9;10;0
13;19;13;11;16;16;17;14;22;15;0
40;28;37;61;35;50;49;42;43;49;0
15;16;21;20;19;22;17;21;19;14;0
23;26;12;24;26;19;18;22;23;22;0
24;23;26;24;18;20;18;22;22;17;0
30;21;29;19;15;29;26;20;27;28;0
18;23;30;29;15;22;25;32;29;22;0
13;11;19;15;13;15;10;14;13;10;0
19;21;21;16;21;21;26;19;24;23;0
25;22;23;18;25;22;28;24;17;23;0
9;20;13;11;21;17;12;12;19;21;0
25;26;28;23;37;27;24;29;31;28;0
5;12;9;13;6;15;9;14;8;17;0
18;25;12;29;23;34;19;12;18;28;0
24;19;25;26;25;30;18;28;30;28;0
21;20;25;16;25;21;25;24;14;17;0
13;15;17;19;17;16;16;20;10;21;0
33;23;36;33;27;28;28;29;32;34;0
46;31;47;29;44;51;33;39;43;37;0
11;12;11;10;12;10;17;9;15;10;0
19;16;18;17;27;12;18;17;14;24;0
12;15;24;14;11;14;13;27;20;8;0
16;7;17;16;20;15;21;22;12;19;0
18;16;18;22;18;21;13;18;14;13;0
15;13;14;19;16;16;21;16;16;17;0
26;28;28;26;24;21;40;34;36;28;0
18;21;22;24;16;22;12;22;26;19;0
7;14;13;7;10;10;15;14;18;12;0
11;18;9;15;15;17;10;14;11;18;0
19;11;23;20;17;22;15;21;25;17;0
39;58;55;48;47;50;58;53;52;31;0
24;14;18;14;19;10;13;18;20;24;0
7;9;11;12;10;9;13;8;7;9;0
21;16;23;21;34;24;15;28;15;21;0
37;41;37;25;30;32;39;33;26;29;0
41;43;42;46;57;47;38;57;42;56;0
22;14;10;15;14;14;18;19;13;12;0
30;23;26;26;29;25;20;29;28;25;0
18;19;16;22;19;14;20;22;20;19;0
27;23;21;23;15;22;27;17;30;21;0
69;49;55;64;58;61;50;51;47;50;0
22;18;19;21;17;13;20;13;17;21;0
24;11;12;16;11;16;8;15;15;21;0
39;28;28;26;36;23;30;42;36;40;0
26;17;27;24;29;18;21;33;17;29;0
14;15;15;10;12;12;9;10;4;8;0
23;14;19;15;28;29;20;26;25;27;0
17;27;20;25;18;24;22;25;24;37;0
57;60;78;71;58;73;58;55;48;70;0
10;14;14;12;7;8;6;13;12;9;0
10;21;14;12;11;18;15;11;17;16;0
11;8;14;11;7;18;8;6;11;5;0
11;15;20;22;24;16;20;17;15;18;0
17;31;25;19;16;19;25;24;31;29;0
15;24;16;19;22;17;21;10;17;14;0
22;21;25;34;24;36;45;29;29;31;0
33;41;33;21;29;32;25;30;23;29;0
12;14;8;9;12;14;15;8;9;6;0
22;8;24;18;21;15;10;14;15;16;0
42;45;37;40;38;39;43;36;40;25;0
18;18;20;20;12;17;18;18;17;22;0
13;9;10;9;11;9;19;5;13;9;0
31;19;26;33;26;40;26;22;40;36;0
14;11;8;15;11;13;17;10;7;8;0
7;20;19;20;12;11;20;13;18;21;0
18;15;13;13;13;12;13;13;16;10;0
7;18;16;13;15;12;10;18;17;12;0
30;28;17;16;20;24;19;25;18;15;0
10;10;11;16;11;11;12;8;6;10;0
11;9;11;8;5;8;6;10;9;18;0
14;17;8;18;12;10;9;16;12;14;0
18;21;10;11;19;17;18;18;17;13;0
26;17;18;20;34;24;27;19;25;24;0
12;15;14;10;11;15;10;16;13;15;0
21;22;29;18;23;21;17;19;22;13;0
20;13;24;19;15;9;20;23;28;13;0
15;16;14;14;13;11;13;13;17;13;0
29;22;34;42;46;26;30;36;31;32;0
29;30;32;27;22;27;36;31;40;31;0
18;14;19;16;9;24;19;13;24;20;0
8;18;9;12;14;6;8;10;14;14;0
37;25;18;25;23;27;24;27;27;23;0
17;17;16;19;19;16;18;23;18;17;0
18;19;15;16;22;12;22;17;18;20;0
38;30;33;36;28;21;30;33;42;24;0
26;28;19;13;28;23;17;17;19;16;0
19;19;14;21;16;14;16;18;19;22;0
22;14;16;9;16;16;12;10;10;14;0
21;35;21;27;27;19;24;22;15;25;0
23;11;16;18;15;27;21;20;20;20;0
16;14;18;25;19;19;22;8;19;16;0
3;20;15;12;8;8;14;12;6;13;0
31;33;24;32;32;27;25;28;29;36;0
12;17;12;20;14;14;13;12;12;21;0
16;12;9;17;18;14;15;12;15;12;0
34;32;35;29;31;31;27;33;21;40;0
20;12;15;13;17;18;22;16;14;16;0
16;21;16;19;14;15;20;20;14;7;0
37;33;38;26;31;30;45;37;34;37;0
11;12;10;10;13;9;9;13;18;7;0
14;7;19;15;9;11;5;9;8;14;0
32;40;42;37;35;31;27;24;27;34;0
11;13;8;10;8;11;7;8;7;8;0
40;36;34;35;26;22;34;33;39;38;0
14;28;29;25;22;18;9;22;11;20;0
17;26;19;29;18;23;20;14;13;13;0
23;20;27;21;13;34;26;18;17;29;0
7;9;11;10;9;6;11;15;9;10;0
8;10;8;13;13;12;9;9;8;11;0
21;30;16;23;20;21;31;16;24;25;0
24;24;14;15;14;19;16;13;13;21;0
15;18;12;16;11;12;12;18;13;14;0
14;13;12;13;10;14;10;14;12;15;0
25;16;19;15;21;21;16;24;19;20;0
12;10;19;12;17;13;20;16;12;13;0
27;23;19;14;33;16;31;21;28;12;0
11;21;13;13;16;19;21;13;18;15;0
18;16;19;12;12;17;15;17;14;16;0
34;40;42;32;38;44;46;43;39;42;0
29;22;10;30;23;25;25;19;27;25;0
21;22;14;15;24;12;12;11;13;21;0
38;35;25;30;33;40;35;38;41;37;0
59;57;57;59;54;54;53;69;80;71;0
19;24;19;26;30;22;21;23;16;25;0
5;7;10;13;9;15;9;14;14;11;0
6;10;12;5;6;6;8;8;8;12;0
17;19;16;9;13;12;10;21;16;12;0
15;12;16;17;10;19;18;14;12;12;0
16;14;21;19;17;16;15;18;19;17;0
48;37;42;44;38;41;39;52;65;38;0
15;15;17;22;22;17;17;22;23;21;0
19;18;11;18;20;9;20;12;10;10;0
16;13;16;8;14;11;9;9;15;12;0
21;23;26;22;19;27;27;31;29;25;0
16;10;23;19;17;13;11;14;10;22;0
52;42;45;47;54;44;45;44;50;51;0
17;15;19;13;10;13;9;12;13;16;0
11;16;14;21;20;19;27;12;23;22;0
37;29;35;31;46;29;36;24;32;33;0
19;29;36;36;20;25;29;33;28;29;0
42;40;42;30;35;47;39;46;41;40;0
27;16;26;25;19;24;17;20;35;32;0
10;11;16;19;11;10;19;14;17;14;0
11;19;15;10;12;21;9;14;13;11;0
38;33;26;25;23;31;38;44;33;37;0
23;32;24;24;28;34;34;23;31;21;0
19;15;18;12;18;12;14;14;11;21;0
28;28;22;22;29;35;29;27;43;24;0
19;31;18;29;30;24;18;22;24;21;0
10;8;4;4;5;10;13;13;16;13;0
5;13;13;10;12;8;3;7;8;6;0
31;39;34;28;38;29;28;31;40;29;0
18;21;17;20;13;13;14;20;10;16;0
16;15;17;14;15;18;13;13;10;19;0
14;5;7;9;2;5;2;4;5;6;0
20;14;15;18;15;20;25;16;15;9;0
25;28;26;26;16;22;23;24;20;25;0
37;30;32;40;29;33;29;38;29;33;0
20;14;11;12;12;14;17;13;17;12;0
29;25;32;16;24;18;14;22;17;16;0
8;6;8;8;14;11;12;5;9;16;0
11;16;19;14;8;21;14;18;17;16;0
29;15;22;20;14;20;21;12;22;15;0
16;21;20;10;12;14;14;19;8;17;0
13;20;15;21;18;22;37;26;16;21;0
39;37;38;34;38;51;38;56;39;43;0
18;19;17;24;25;23;24;26;25;17;0
16;17;27;18;16;20;16;17;21;14;0
21;23;30;17;27;22;20;22;19;19;0
24;23;23;31;24;30;18;35;22;23;0
33;45;23;44;46;32;56;42;35;47;0
19;40;22;34;23;32;34;30;34;16;0
41;37;35;41;37;26;31;41;28;45;0
26;32;41;34;34;38;28;39;34;45;0
12;16;10;14;14;11;20;14;19;17;0
40;34;36;23;45;39;26;29;31;38;0
23;27;37;30;24;27;20;27;35;28;0
16;22;15;19;16;20;13;12;23;19;0
45;49;46;40;53;38;40;34;34;32;0
