total bytes; number of commits; number of rounds
191.909;1385;139
140.172;996;103
82.534;655;72
218.327;1788;195
127.779;999;107
88.033;641;69
57.376;397;43
142.127;1021;106
118.986;884;94
86.205;587;61
453.243;3077;304
171.774;1232;128
143.152;1228;133
185.316;1312;137
185.129;1522;167
109.246;735;77
180.529;1594;176
110.974;826;85
53.833;383;40
89.794;613;64
69.693;503;54
84.427;706;78
305.663;2185;217
112.651;860;92
142.616;1045;107
139.441;1019;107
182.996;1225;122
164.161;1198;122
90.263;640;66
124.222;958;105
150.878;1093;114
94.149;726;77
148.828;1261;139
71.654;527;54
138.702;1043;109
176.417;1251;126
130.373;977;104
99.927;766;82
160.653;1360;151
255.882;1936;200
68.356;533;58
109.407;826;91
109.035;758;79
103.056;763;82
115.994;832;85
103.931;769;81
174.777;1366;145
111.054;931;101
78.061;560;60
78.815;631;69
128.784;914;95
262.586;2242;245
96.623;776;87
67.078;456;47
130.801;1008;109
231.339;1602;164
326.023;2308;234
89.413;690;75
140.417;1177;130
127.941;905;94
166.17;1132;113
397.437;2780;277
105.535;815;90
92.818;697;74
223.269;1578;164
154.467;1134;120
82.401;546;54
154.595;1104;113
170.093;1167;119
386.962;3002;314
68.474;489;52
89.409;687;72
64.282;474;49
113.925;835;89
127.437;1070;118
110.261;817;87
206.009;1470;148
165.307;1356;148
73.705;513;53
121.6;806;81
231.836;1816;192
108.368;830;90
71.88;503;53
208.902;1481;149
71.533;541;57
95.319;736;80
88.487;629;68
89.142;647;69
143.91;1018;106
73.138;497;52
56.688;434;47
88.165;609;65
105.482;764;81
151.79;1100;117
85.759;626;65
116.292;932;102
124.413;875;92
91.659;639;69
182.743;1477;164
207.02;1476;152
109.959;832;88
75.862;519;56
139.13;1166;128
123.257;871;90
105.972;814;89
169.338;1416;157
119.7;946;103
124.33;861;89
89.78;648;69
169.55;1168;118
120.18;910;95
99.222;803;88
68.974;515;55
197.9;1463;148
91.817;698;73
93.121;655;70
183.811;1463;156
92.274;749;81
100.263;759;81
234.979;1705;174
75.664;522;56
80.231;554;55
224.008;1591;164
56.909;429;45
206.548;1573;168
119.8;920;99
133.712;925;96
134.034;1079;114
57.7;436;48
68.802;484;50
156.514;1075;113
111.934;831;86
99.221;672;70
75.765;589;63
123.942;937;98
85.023;656;72
130.803;1024;112
91.135;739;80
90.103;718;78
287.398;1972;200
155.854;1100;117
105.959;759;82
234.006;1710;176
439.95;3084;306
148.561;1088;112
69.017;522;53
57.643;384;40
90.721;672;72
92.62;679;72
110.586;821;86
301.531;2153;222
117.061;892;95
100.77;704;73
79.764;576;61
165.991;1199;125
93.038;714;77
294.014;2288;237
87.518;638;68
123.868;878;92
244.277;1632;166
174.051;1308;142
253.73;1877;201
167.607;1150;120
103.394;676;70
91.136;647;67
236.177;1630;164
178.239;1320;137
90.757;712;77
181.395;1354;143
129.565;1080;118
70.173;461;48
63.614;422;42
231.905;1642;163
104.801;761;81
96.516;707;75
40.579;286;29
98.143;778;83
172.06;1169;117
234.738;1671;165
86.723;654;71
132.578;976;106
64.583;453;48
90.255;719;77
105.861;871;95
85.897;680;75
125.684;984;104
295.195;2091;206
136.493;1043;109
124.594;864;91
156.408;1072;110
146.906;1157;126
244.114;1882;201
185.761;1355;142
237.105;1744;181
207.876;1677;175
101.283;690;73
198.339;1588;170
147.366;1249;139
115.05;841;87
220.071;1854;205
