build road; build village; build city; buy dev_card; finish_building; trade(4:1); trade(3:1); trade(2:1); finish_trade; roll_dice
16;6;2;5;163;2;38;9;164;164;0
12;5;2;7;169;34;7;7;170;170;0
21;7;3;6;314;35;13;39;315;315;0
12;4;2;3;124;14;7;0;125;125;0
24;6;5;6;334;35;63;11;335;335;0
7;4;2;2;127;3;29;24;128;128;0
16;6;3;3;114;19;4;3;115;115;0
11;5;3;2;90;1;11;14;91;91;0
18;4;1;5;200;23;0;11;201;201;0
15;4;1;4;174;10;19;5;175;175;0
27;6;4;5;188;21;28;9;189;189;0
14;4;4;6;178;14;16;5;179;179;0
18;3;3;3;136;5;20;6;137;137;0
12;5;2;1;197;34;0;0;198;198;0
14;4;3;5;165;10;17;19;166;166;0
10;5;1;3;136;2;33;0;137;137;0
18;7;3;4;141;10;15;1;142;142;0
15;6;4;1;95;7;4;0;96;96;0
10;4;4;1;175;7;23;0;176;176;0
12;5;2;1;114;12;10;0;115;115;0
18;8;3;2;181;27;40;3;182;182;0
17;6;5;4;156;9;36;32;157;157;0
13;5;1;4;95;21;0;0;96;96;0
11;3;1;4;143;10;8;0;144;144;0
18;7;4;1;123;16;28;14;124;124;0
20;5;3;8;237;4;29;34;238;238;0
19;6;3;5;250;26;28;6;251;251;0
17;6;3;6;231;39;0;17;232;232;0
14;6;3;3;213;36;6;15;214;214;0
19;6;1;8;312;20;30;3;313;313;0
14;4;3;5;170;10;24;5;171;171;0
17;6;2;4;136;13;0;33;137;137;0
17;4;4;5;187;20;6;2;188;188;0
14;5;5;5;179;37;0;11;180;180;0
17;5;4;5;150;19;0;6;151;151;0
17;7;5;3;215;23;55;11;216;216;0
13;7;4;2;176;4;24;18;177;177;0
8;4;3;2;115;11;0;12;116;116;0
13;3;3;4;116;13;0;0;117;117;0
22;7;1;9;217;0;96;0;218;218;0
13;3;4;4;173;14;8;0;174;174;0
14;6;3;2;115;8;22;13;116;116;0
20;7;3;3;185;29;12;2;186;186;0
24;7;1;11;306;47;51;6;307;307;0
13;4;3;1;122;18;0;0;123;123;0
18;8;2;4;166;6;31;21;167;167;0
13;5;4;6;220;14;37;0;221;221;0
20;7;6;4;236;6;49;20;237;237;0
16;5;2;6;244;0;63;31;245;245;0
29;6;2;7;178;31;50;7;179;179;0
19;8;3;5;328;11;59;77;329;329;0
17;3;2;6;158;29;0;0;159;159;0
23;6;2;4;259;10;61;9;260;260;0
21;7;2;5;147;10;30;6;148;148;0
17;5;1;5;118;11;8;13;119;119;0
21;7;2;9;620;0;144;84;621;621;0
10;4;3;2;162;8;8;1;163;163;0
12;5;3;1;169;16;10;24;170;170;0
18;7;4;4;161;18;6;18;162;162;0
10;4;4;3;102;10;1;7;103;103;0
11;4;2;2;137;10;0;17;138;138;0
15;5;3;3;106;3;13;14;107;107;0
20;7;2;6;236;31;0;0;237;237;0
10;4;2;3;124;5;8;13;125;125;0
11;6;2;2;246;1;28;16;247;247;0
17;6;4;2;179;41;0;27;180;180;0
15;5;4;5;264;41;0;6;265;265;0
19;5;2;7;194;18;19;1;195;195;0
25;7;2;9;221;0;66;0;222;222;0
20;3;3;7;238;18;12;4;239;239;0
20;8;2;3;221;51;0;12;222;222;0
16;7;3;6;228;2;82;4;229;229;0
17;7;2;3;146;0;35;14;147;147;0
12;5;2;2;105;8;9;6;106;106;0
19;7;2;3;162;24;10;19;163;163;0
10;5;4;1;119;17;0;0;120;120;0
12;5;4;2;139;18;0;0;140;140;0
20;7;2;3;130;14;18;9;131;131;0
15;5;4;4;217;15;15;8;218;218;0
11;5;3;5;219;3;59;0;220;220;0
12;4;2;3;205;11;30;0;206;206;0
20;5;2;6;156;19;0;19;157;157;0
10;3;2;1;90;5;2;0;91;91;0
16;7;2;5;128;9;5;6;129;129;0
16;7;1;6;204;47;0;20;205;205;0
22;6;2;7;146;16;38;1;147;147;0
15;6;1;2;204;25;0;18;205;205;0
15;6;5;4;135;8;38;0;136;136;0
15;8;3;2;134;0;40;0;135;135;0
10;4;3;4;118;0;33;0;119;119;0
21;6;2;6;224;0;85;11;225;225;0
21;5;3;9;382;3;110;25;383;383;0
15;6;4;2;187;12;8;23;188;188;0
15;7;2;3;145;19;22;0;146;146;0
7;1;2;6;88;8;0;0;89;89;0
19;7;5;4;285;20;58;0;286;286;0
14;6;4;2;102;13;6;7;103;103;0
21;7;2;5;285;40;9;15;286;286;0
19;5;3;2;136;8;14;0;137;137;0
14;5;2;1;118;0;32;0;119;119;0
16;6;2;5;163;2;38;9;164;164;0
