build road; build village; build city; buy dev_card; trade; roll_dice
18;6;0;6;168;279
20;8;3;4;86;206
13;4;1;2;32;145
15;5;0;10;117;391
18;6;5;4;53;214
12;4;3;4;33;138
11;5;5;2;13;86
16;8;3;2;105;213
16;7;2;2;60;189
17;7;3;5;40;123
21;8;2;7;476;608
17;6;2;3;123;257
16;6;3;10;48;267
27;6;0;10;114;274
23;5;3;6;74;334
19;7;1;3;52;155
22;4;2;9;48;352
21;7;1;8;64;171
9;5;2;3;17;81
24;7;5;2;34;128
13;5;3;4;19;109
11;3;4;2;23;156
22;8;3;7;302;434
17;5;2;6;43;184
15;7;1;6;111;215
20;7;3;5;81;214
14;8;2;3;157;244
22;6;1;8;130;245
17;6;2;2;44;133
17;4;3;5;36;211
20;7;2;7;97;227
16;4;2;3;40;155
19;5;1;8;55;278
13;3;1;3;38;108
25;7;2;8;54;218
18;8;3;4;139;253
21;7;4;7;57;208
13;5;2;4;47;164
16;6;2;7;54;303
24;7;1;8;187;400
10;3;4;2;19;117
16;3;2;7;39;182
19;7;4;5;56;158
17;7;4;4;34;165
19;7;2;3;68;171
13;4;1;8;52;163
16;6;2;7;122;291
14;5;1;3;49;202
13;4;3;2;31;120
10;3;3;1;21;138
17;7;2;5;72;190
21;6;0;14;130;491
13;4;3;5;28;174
15;6;4;3;23;95
15;5;1;7;53;218
19;6;1;4;185;329
27;7;2;11;284;469
15;6;1;4;25;151
18;5;0;6;47;261
21;6;3;8;76;189
25;8;3;5;136;226
32;7;2;13;381;554
20;4;4;4;26;181
18;4;4;4;32;149
26;7;1;12;167;328
21;7;5;8;86;241
20;5;4;6;44;109
16;6;1;6;106;226
22;8;3;4;119;239
24;7;2;12;292;628
10;2;2;6;26;105
14;5;1;4;40;145
11;3;3;3;15;99
23;6;4;6;45;178
16;5;1;8;51;236
19;7;2;0;48;175
19;8;2;6;172;296
18;5;2;4;72;296
17;5;3;4;21;107
19;7;4;3;84;163
22;8;3;8;150;385
13;5;5;1;45;180
14;5;2;2;27;107
18;7;2;5;166;299
11;4;2;1;34;114
13;6;1;7;36;161
17;5;1;5;26;136
24;7;2;4;27;138
15;5;3;3;89;212
16;5;5;2;20;105
10;1;1;8;11;95
12;6;2;2;40;130
20;5;2;5;43;162
24;5;6;6;68;234
16;6;3;3;37;131
16;4;4;5;34;205
22;5;2;7;78;184
19;4;3;1;27;139
21;7;2;9;67;328
21;6;0;8;160;305
18;7;1;8;39;176
14;4;2;4;24;113
13;5;2;5;56;256
16;6;1;4;85;180
13;4;5;6;39;179
16;6;2;7;76;315
20;3;2;4;40;206
15;7;2;3;87;178
18;6;2;2;25;139
23;8;3;3;142;236
15;6;2;5;57;191
9;3;2;3;37;176
14;3;3;2;26;111
22;8;2;7;175;297
13;7;1;4;50;147
16;6;3;3;32;140
18;6;2;9;107;313
16;5;0;5;28;163
19;5;2;6;42;162
25;6;4;6;205;348
12;4;1;4;28;112
17;4;1;5;54;111
19;9;3;5;170;329
12;2;3;6;13;91
19;7;3;6;139;337
17;6;2;4;56;198
30;6;2;8;58;192
12;4;4;4;68;228
9;3;3;1;13;97
13;6;2;2;26;101
18;6;0;11;83;227
17;6;1;7;63;173
16;7;4;3;47;141
12;5;3;1;25;127
14;7;2;6;75;196
11;5;2;2;27;144
13;6;3;2;65;224
13;4;3;4;30;160
11;4;2;3;33;156
20;8;3;6;240;400
26;6;4;4;63;235
14;5;4;3;42;165
19;7;1;5;183;352
23;8;2;9;475;613
20;5;1;8;103;225
11;4;3;3;36;107
15;5;3;4;14;81
17;6;3;2;33;145
15;4;3;4;28;145
17;5;2;5;65;172
18;6;0;10;254;444
16;6;1;8;56;191
12;7;2;0;70;147
14;4;1;5;31;123
18;6;3;9;102;250
10;4;2;3;42;155
19;7;1;9;261;474
15;6;2;2;32;137
22;8;4;4;55;185
23;7;1;6;202;332
24;7;2;6;76;284
16;5;4;5;138;402
25;6;2;7;91;241
17;7;2;6;53;141
13;4;2;2;37;135
27;8;2;10;202;328
16;7;2;3;121;274
12;4;3;6;40;154
28;9;4;8;80;287
16;3;0;5;57;236
17;4;3;6;20;96
16;4;2;3;34;85
21;8;3;4;233;327
17;5;4;4;50;162
20;6;3;1;34;150
7;4;3;0;19;59
16;3;2;7;35;167
20;7;3;6;142;235
19;7;2;7;243;330
14;3;6;6;22;142
22;7;5;6;41;213
12;3;3;2;16;97
16;4;2;6;26;154
13;4;4;6;37;190
12;4;4;1;20;151
17;7;2;5;66;209
21;7;2;7;293;413
22;5;3;8;80;218
16;8;3;4;58;182
18;7;3;6;107;220
18;6;3;5;46;253
19;7;2;6;165;403
25;8;2;6;107;284
20;8;3;6;200;362
28;6;2;10;144;351
23;6;4;3;37;147
16;6;0;8;109;341
16;5;5;6;44;278
13;6;4;3;68;175
30;6;3;12;76;411
