build road; build village; build city; buy dev_card; finish_building; trade(4:1); trade(3:1); trade(2:1); finish_trade; roll_dice
43;9;6;8;265;47;39;4;266;266;0
55;12;11;11;386;48;133;28;387;387;0
31;9;1;4;168;32;28;6;169;169;0
25;6;1;5;132;21;13;6;133;133;0
29;11;4;10;180;26;34;19;181;181;0
20;7;2;5;143;8;14;19;144;144;0
48;11;6;10;296;22;67;11;297;297;0
41;10;3;13;256;31;67;1;257;257;0
38;10;8;4;210;52;29;9;211;211;0
26;7;3;5;164;9;36;6;165;165;0
44;12;8;9;289;42;57;33;290;290;0
33;10;7;6;237;43;37;10;238;238;0
46;10;3;11;187;47;13;7;188;188;0
47;11;3;7;210;37;36;27;211;211;0
50;12;5;9;225;45;31;30;226;226;0
39;10;9;6;195;40;10;19;196;196;0
37;8;5;7;189;49;6;4;190;190;0
19;4;6;5;108;12;12;9;109;109;0
49;11;5;7;260;61;21;23;261;261;0
31;10;6;5;367;72;31;41;368;368;0
39;11;6;8;203;21;40;23;204;204;0
30;8;7;5;171;33;13;5;172;172;0
33;8;7;3;204;33;0;37;205;205;0
32;9;4;5;216;44;21;0;217;217;0
40;10;9;4;202;33;27;21;203;203;0
24;5;3;6;197;32;36;3;198;198;0
37;8;4;7;170;41;24;10;171;171;0
36;11;4;6;195;23;61;16;196;196;0
27;9;3;6;228;35;24;12;229;229;0
32;9;10;4;168;23;24;25;169;169;0
20;6;4;4;143;32;13;0;144;144;0
34;10;7;5;213;31;34;30;214;214;0
33;8;2;10;197;20;53;9;198;198;0
29;6;5;1;156;28;15;4;157;157;0
38;6;6;6;234;37;37;15;235;235;0
28;8;3;7;175;15;38;8;176;176;0
39;9;6;11;278;51;19;20;279;279;0
35;9;6;8;154;15;21;20;155;155;0
38;8;5;4;203;3;48;29;204;204;0
35;9;4;8;224;25;37;10;225;225;0
39;9;4;7;197;41;9;21;198;198;0
38;9;5;8;218;26;31;42;219;219;0
40;8;7;12;234;13;63;7;235;235;0
24;5;6;5;167;33;23;4;168;168;0
36;8;4;5;246;45;32;3;247;247;0
35;8;7;12;253;38;53;15;254;254;0
32;9;2;7;180;55;11;2;181;181;0
34;8;3;4;180;18;50;0;181;181;0
43;9;8;6;222;42;28;21;223;223;0
35;10;5;4;135;9;32;22;136;136;0
62;12;12;14;452;83;101;52;453;453;0
46;11;9;6;283;32;59;16;284;284;0
27;7;5;7;164;19;11;8;165;165;0
28;8;4;5;154;53;6;2;155;155;0
42;12;4;5;188;14;44;27;189;189;0
21;4;2;5;158;24;17;7;159;159;0
36;11;4;6;320;27;206;0;321;321;0
24;6;3;4;220;13;35;16;221;221;0
27;8;6;2;189;32;40;2;190;190;0
43;7;5;10;278;36;59;33;279;279;0
47;10;9;6;256;32;51;28;257;257;0
30;9;5;5;174;12;64;4;174;174;0
28;9;5;4;143;19;18;31;144;144;0
17;8;3;1;129;22;11;8;130;130;0
35;8;5;8;253;32;69;18;254;254;0
46;11;4;9;259;39;61;53;260;260;0
31;7;4;3;209;36;28;18;210;210;0
49;13;7;11;236;61;35;38;237;237;0
35;8;5;12;238;9;46;25;239;239;0
23;5;7;5;146;27;13;4;147;147;0
12;3;5;0;114;13;13;0;115;115;0
21;6;3;3;159;22;38;4;160;160;0
31;8;6;9;225;39;26;0;226;226;0
54;13;13;6;273;66;54;40;274;274;0
41;11;5;5;192;35;39;26;193;193;0
30;4;8;6;153;25;16;19;154;154;0
33;7;4;4;147;27;24;14;148;148;0
43;9;3;10;240;19;98;4;241;241;0
26;9;2;5;170;38;9;18;171;171;0
33;9;3;9;191;43;14;13;192;192;0
38;10;5;11;324;42;74;2;325;325;0
34;9;5;10;291;55;25;15;292;292;0
22;7;4;6;193;18;40;8;194;194;0
29;7;6;8;255;41;17;23;256;256;0
36;7;6;8;264;31;35;20;265;265;0
22;5;5;6;175;23;20;2;176;176;0
49;9;7;14;457;119;58;25;458;458;0
52;12;6;12;276;42;38;61;277;277;0
39;10;1;8;424;46;91;58;425;425;0
45;8;6;6;257;84;2;0;258;258;0
29;5;5;5;166;24;18;11;167;167;0
40;11;7;7;182;9;67;15;183;183;0
46;13;7;6;299;32;87;16;300;300;0
17;6;5;4;124;35;0;0;125;125;0
17;7;4;3;132;29;8;0;133;133;0
27;5;5;6;146;29;0;17;147;147;0
27;9;7;1;143;9;44;11;144;144;0
44;14;6;7;255;49;34;12;256;256;0
34;7;6;4;145;34;10;16;146;146;0
29;8;7;8;176;42;24;11;177;177;0
