2; 3; 4; 5; 6; 7; 8; 9; 10; 11; 12
5;10;6;12;26;29;24;19;18;10;5
5;13;12;17;23;23;20;28;12;15;2
4;13;21;44;44;57;47;33;24;21;7
4;6;14;15;18;19;17;10;13;6;3
11;26;20;27;55;63;52;33;23;22;3
2;10;4;16;19;23;18;10;12;8;6
3;6;9;14;18;22;12;18;4;8;1
1;5;6;9;18;20;10;7;8;5;2
7;8;19;21;29;29;17;25;27;11;8
8;11;14;22;31;18;28;13;11;12;7
6;7;16;19;27;31;27;27;11;14;4
7;8;20;17;24;25;27;27;12;9;3
4;8;11;18;22;23;20;16;5;6;4
3;14;13;25;19;36;27;26;19;12;4
8;10;9;17;27;23;27;15;16;9;5
5;9;10;18;19;24;26;11;8;4;3
3;12;14;12;17;19;23;15;10;12;5
0;6;7;10;10;21;15;11;7;5;4
4;6;18;16;20;30;28;25;13;8;8
3;6;11;13;14;20;18;12;6;8;4
3;13;16;30;25;29;18;22;16;7;3
3;8;7;16;17;27;25;24;14;11;5
2;3;11;8;18;14;16;7;7;9;1
4;5;14;13;23;18;23;19;11;12;2
2;4;8;18;15;25;22;9;12;8;1
3;13;22;29;36;37;40;24;16;15;3
8;17;22;32;37;39;40;21;17;11;7
6;20;18;25;28;41;32;25;22;10;5
4;8;17;21;37;30;26;30;21;9;11
9;17;26;39;43;61;49;28;23;11;7
4;12;16;18;18;34;23;24;10;7;5
2;6;13;17;20;25;6;12;12;18;6
7;7;21;19;27;26;24;28;13;13;3
6;11;9;28;26;20;27;24;15;11;3
5;8;13;15;16;31;26;18;10;7;2
6;11;10;24;31;47;25;28;18;10;6
7;11;16;23;19;34;22;14;11;15;5
4;7;10;18;16;22;11;16;6;1;5
5;3;6;11;18;22;18;13;8;9;4
11;11;21;25;28;40;31;16;17;14;4
6;10;15;14;29;31;22;21;9;11;6
3;7;8;8;15;19;21;16;13;2;4
12;9;15;24;25;40;14;18;15;10;4
9;12;27;31;47;48;42;41;28;13;9
1;8;5;10;19;25;18;11;12;9;5
2;5;14;14;20;33;33;20;13;11;2
3;13;27;23;27;43;25;27;13;16;4
5;10;20;25;35;40;42;24;23;7;6
9;12;23;30;33;40;25;26;28;13;6
5;13;11;17;35;28;28;19;16;7;0
10;21;26;31;42;67;44;33;32;16;7
2;8;7;14;30;29;17;17;16;15;4
11;15;19;26;31;34;32;32;32;20;8
1;9;14;18;26;18;20;22;11;5;4
0;9;12;12;16;23;16;7;13;10;1
22;34;49;67;88;117;78;70;38;39;19
6;2;13;19;26;34;20;15;9;17;2
5;6;13;21;20;35;16;22;17;6;9
5;12;14;18;18;22;31;13;14;8;7
3;7;14;13;10;22;11;6;9;4;4
4;9;12;10;24;24;19;11;8;11;6
2;7;8;16;14;15;7;16;11;7;4
15;11;16;30;30;37;31;26;19;13;9
2;9;7;15;15;20;12;17;16;9;3
8;12;18;23;30;51;38;28;16;15;8
4;5;10;23;23;31;24;24;17;12;7
6;17;18;32;37;42;37;33;18;20;5
8;16;14;18;31;33;27;16;20;6;6
8;12;16;19;29;37;35;27;20;9;10
11;15;12;25;27;38;40;29;19;12;11
5;8;14;22;33;42;33;25;18;12;10
8;8;24;18;34;44;29;22;28;11;3
3;7;12;17;17;27;21;15;16;7;5
1;4;7;17;15;17;12;13;8;10;2
6;11;5;24;21;27;26;22;12;5;4
5;6;12;11;25;16;14;16;6;7;2
6;5;9;17;19;27;19;14;16;5;3
3;2;7;17;20;22;22;12;10;13;3
4;14;15;23;39;30;31;22;25;9;6
6;13;27;17;32;44;31;27;11;9;3
4;11;23;24;29;28;27;27;17;9;7
5;5;10;14;23;38;26;15;11;8;2
0;3;7;7;18;18;12;10;8;2;6
5;10;14;13;16;22;17;11;11;6;4
6;10;19;15;20;29;40;24;22;18;2
3;6;12;11;22;19;31;21;10;9;3
8;10;16;20;21;30;34;33;18;10;5
2;7;11;15;18;20;20;17;10;10;6
4;10;7;14;16;20;23;19;12;6;4
1;9;3;18;20;21;16;14;12;4;1
8;17;21;27;31;34;34;22;21;9;1
15;21;34;31;58;69;66;37;27;14;11
7;13;10;13;34;28;27;25;15;11;5
6;10;10;13;8;25;16;19;20;11;8
2;6;12;11;14;11;11;11;4;3;4
5;22;22;33;42;47;41;29;20;17;8
3;1;13;15;14;13;23;9;7;3;2
11;20;25;21;49;40;39;31;29;14;7
0;5;14;17;12;26;25;20;10;6;2
4;10;4;15;21;15;12;13;9;10;6
5;10;6;12;26;29;24;19;18;10;5
