total bytes; number of commits; number of rounds
77.223;567;59
99.852;799;82
111.471;807;85
189.137;1505;157
75.401;587;62
212.059;1623;167
81.587;636;64
79.473;565;57
61.506;458;45
113.336;931;100
92.429;801;87
130.212;925;94
104.15;836;89
81.951;659;68
112.575;925;99
104.321;789;83
82.967;657;68
92.771;671;71
66.356;470;48
99.381;820;88
71.421;549;57
124.193;894;91
111.083;798;78
66.46;463;48
75.469;656;72
92.433;641;62
142.912;1136;119
143.513;1182;125
142.585;1105;116
135.161;1006;107
172.568;1468;156
109.532;824;85
92.698;680;68
105.876;869;94
112.607;844;90
99.733;729;75
148.621;1086;108
104.08;855;88
71.364;555;58
71.81;555;58
148.058;1094;109
95.591;811;87
82.122;577;58
114.501;907;93
189.787;1478;153
76.455;588;61
112.538;831;83
134.983;1056;110
145.91;1147;118
147.885;1190;122
137.218;911;89
216.599;1639;164
96.344;758;79
153.406;1230;130
99.88;716;74
79.95;589;59
356.919;2992;310
85.591;763;81
106.848;828;85
106.986;774;81
65.894;502;51
80.252;653;69
71.838;521;53
137.857;1095;118
72.447;592;62
129.34;1163;123
126.799;886;90
154.002;1227;132
117.317;924;97
139.327;1078;111
129.954;1106;119
140.886;1075;111
143.971;1131;114
95.759;727;73
67.612;509;53
111.012;797;81
74.69;556;60
86.012;662;70
92.905;648;65
122.809;1005;109
127.933;1061;110
112.242;949;103
101.729;782;78
52.777;430;45
82.497;617;64
132.221;982;102
105.6;725;73
113.631;954;102
96.479;667;68
89.302;655;67
76.137;579;59
147.622;1106;112
231.514;1853;191
109.071;885;94
97.689;709;73
51.867;409;44
173.526;1358;143
69.712;497;51
165.389;1330;143
87.444;658;68

