2; 3; 4; 5; 6; 7; 8; 9; 10; 11; 12
4;14;12;38;42;46;31;30;25;16;8
9;24;25;40;56;66;44;47;38;27;11
3;3;12;26;24;27;26;22;11;12;3
6;8;10;11;16;28;25;11;9;5;4
4;14;14;21;30;31;22;20;13;8;4
5;4;13;14;20;31;15;19;19;1;3
10;11;17;27;36;62;44;34;25;23;8
6;14;32;27;35;40;35;18;19;20;11
7;6;21;25;28;32;33;27;15;14;3
7;7;9;21;25;25;27;13;16;7;8
9;21;30;33;31;52;49;11;26;19;9
4;12;20;27;32;39;38;31;16;12;7
7;10;16;16;35;24;28;22;11;11;8
4;13;12;29;31;35;30;15;16;20;6
4;16;12;25;29;42;34;28;16;12;8
6;6;15;19;21;40;28;21;14;18;8
6;9;16;18;28;40;29;14;15;10;5
1;4;5;12;17;17;8;18;14;9;4
9;10;24;25;34;38;43;30;28;15;5
12;24;31;37;51;65;48;43;20;21;16
8;10;18;21;24;39;33;22;14;11;4
7;16;19;22;21;28;19;22;10;3;5
6;13;15;22;25;42;33;17;19;9;4
9;8;28;26;17;46;22;25;16;12;8
7;13;18;17;25;35;37;20;17;8;6
3;8;23;26;27;30;34;15;10;18;4
5;10;16;16;22;24;22;19;18;12;7
7;18;9;28;30;26;20;27;14;9;8
11;9;18;24;35;38;31;28;22;6;7
4;10;19;15;19;22;19;32;15;7;7
6;9;5;12;17;29;23;17;13;7;6
10;5;18;27;27;37;32;25;17;12;4
5;10;18;18;25;35;23;25;20;13;6
5;10;10;19;25;24;27;16;3;13;5
7;12;25;23;22;33;40;31;25;14;3
2;9;19;18;30;33;18;20;10;10;7
8;15;22;27;48;44;41;29;21;18;6
6;5;16;22;17;24;17;20;20;7;1
8;9;21;19;20;36;33;25;17;11;5
5;11;18;21;34;42;33;19;21;12;9
7;11;24;17;29;30;22;24;12;16;6
5;10;16;25;39;41;25;21;18;14;5
4;10;17;32;27;38;29;31;23;11;13
4;6;15;20;20;31;33;18;10;8;3
4;11;26;34;28;45;42;20;19;12;6
4;11;14;25;40;48;32;29;29;13;9
6;12;22;19;22;24;25;21;17;10;3
4;8;19;20;30;30;25;15;12;11;7
5;12;22;25;27;35;24;29;24;12;8
8;12;11;19;16;14;19;19;15;2;1
13;22;34;50;60;91;62;49;32;27;13
10;19;28;29;40;53;36;23;23;17;6
4;11;13;13;33;30;24;16;6;10;5
5;11;10;15;27;22;26;19;6;13;1
3;15;14;20;27;31;22;19;17;17;4
1;11;17;8;28;25;25;17;9;9;9
8;26;27;36;40;47;40;37;25;26;9
7;13;13;19;33;37;30;35;18;11;5
6;7;12;27;25;38;27;15;20;11;2
8;18;32;31;38;49;38;28;16;17;4
6;10;15;28;35;55;43;21;23;16;5
3;11;18;20;26;28;25;16;12;10;5
2;6;16;22;11;26;15;23;8;10;5
5;6;13;15;21;15;17;16;10;8;4
11;13;20;22;30;56;40;20;21;15;6
5;6;21;31;32;44;46;32;19;16;8
5;14;15;21;21;37;36;24;20;12;5
5;15;20;28;24;36;37;27;29;11;5
7;17;19;32;39;36;42;12;15;13;7
7;10;14;11;12;26;30;14;16;5;2
4;6;6;8;14;23;19;14;16;3;2
3;9;17;26;25;26;20;14;15;2;3
8;13;15;24;27;38;27;27;20;21;6
9;11;16;32;37;45;40;32;25;22;5
4;8;13;28;19;30;29;27;17;11;7
5;13;8;17;16;19;15;23;19;9;10
8;5;15;16;20;17;28;11;16;8;4
6;18;19;23;38;41;30;31;19;11;5
3;7;15;21;27;29;27;16;7;12;7
7;8;20;21;26;37;19;28;15;9;2
4;23;27;39;38;62;36;37;30;19;10
11;12;24;35;35;56;42;32;24;10;11
8;18;16;25;16;32;24;17;20;9;9
9;15;21;26;33;43;34;20;25;20;10
8;13;29;30;32;49;30;25;30;9;10
4;10;10;24;19;35;23;20;15;12;4
21;20;38;50;68;75;64;46;34;31;11
7;18;23;28;36;54;38;30;19;11;13
12;28;43;43;67;70;59;42;19;29;13
8;29;18;27;38;41;29;32;23;9;4
4;10;12;20;22;25;29;20;10;12;3
2;12;15;22;28;30;32;20;11;9;2
4;20;26;41;39;56;34;25;25;20;10
6;6;9;8;17;20;21;10;13;7;8
4;11;8;16;22;23;15;15;12;4;3
5;8;13;16;20;27;26;12;7;12;1
2;6;8;16;23;26;18;18;15;7;5
5;9;22;39;27;47;30;28;23;17;9
2;14;13;19;16;26;19;16;11;9;1