run nr; elapsed time 
0;265.1664447784424
1;392.62409234046936
2;171.82589840888977
3;137.81476354599
4;187.94689321517944
5;150.57537055015564
6;311.33503007888794
7;267.20857548713684
8;218.652893781662
9;171.13363647460938
10;333.018191576004
11;364.5919427871704
12;292.6167299747467
13;308.7401657104492
14;352.7262690067291
15;320.1751449108124
16;309.6391577720642
17;177.7488193511963
18;406.88393783569336
19;483.0620541572571
20;265.4391014575958
21;219.1654634475708
22;267.49569177627563
23;284.4896950721741
24;301.4305143356323
25;309.5003674030304
26;256.6726677417755
27;299.44808292388916
28;302.19588017463684
29;247.97029328346252
30;199.86910223960876
31;288.02210521698
32;301.598730802536
33;209.02474427223206
34;303.5826840400696
35;230.04814457893372
36;357.9055287837982
37;205.95802283287048
38;275.2068681716919
39;299.0359456539154
40;257.3416440486908
41;280.4602749347687
42;323.652649641037
43;238.77483463287354
44;336.151983499527
45;377.9157118797302
46;262.5208480358124
47;264.0749776363373
48;283.7446448802948
49;192.72240138053894
50;584.3179070949554
51;377.88852739334106
52;217.11899662017822
53;204.7310004234314
54;253.68176460266113
55;206.97763347625732
56;417.6140649318695
57;288.98582553863525
58;251.44137120246887
59;380.08167147636414
60;349.25378227233887
61;230.91545057296753
62;191.77912402153015
63;173.32211065292358
64;336.3673233985901
65;381.05332827568054
66;317.3415606021881
67;357.9601798057556
68;345.3276879787445
69;200.77028012275696
70;160.43752527236938
71;216.10909986495972
72;305.2992537021637
73;375.1787226200104
74;274.9625012874603
75;209.4436490535736
76;197.18765830993652
77;329.07491183280945
78;237.00144934654236
79;258.2906482219696
80;453.9596607685089
81;401.77404379844666
82;251.99563479423523
83;327.43155336380005
84;339.2945041656494
85;230.62065029144287
86;667.4540619850159
87;401.853049993515
88;591.6020674705505
89;358.7450964450836
90;234.0377492904663
91;256.4887418746948
92;423.5391044616699
93;174.50354075431824
94;186.83987188339233
95;209.97685194015503
96;203.7619640827179
97;358.11743426322937
98;205.77979350090027
99;245.26629781723022