run nr; elapsed time 
0;43.88633728027344
1;45.98943257331848
2;93.50538659095764
3;38.99544620513916
4;105.96059441566467
5;32.40154409408569
6;31.864310026168823
7;25.945613384246826
8;54.0677375793457
9;47.158679485321045
10;52.440271854400635
11;48.272785902023315
12;37.658886671066284
13;54.055808782577515
14;44.181339502334595
15;37.81709408760071
16;39.22229838371277
17;26.9059956073761
18;48.30386662483215
19;31.42362093925476
20;54.69686841964722
21;50.73203945159912
22;29.516854763031006
23;43.025501012802124
24;40.025357723236084
25;74.21765351295471
26;77.80434679985046
27;71.72825479507446
28;65.77666234970093
29;96.13961029052734
30;53.910815715789795
31;44.07040214538574
32;59.902602195739746
33;54.277082681655884
34;44.24839115142822
35;67.99380850791931
36;56.698169469833374
37;36.71689414978027
38;35.75744032859802
39;71.22678399085999
40;54.43586468696594
41;37.29542064666748
42;59.02759599685669
43;99.16555738449097
44;38.17275786399841
45;54.40762400627136
46;69.5007975101471
47;75.26438069343567
48;74.72120404243469
49;55.42549204826355
50;100.46274256706238
51;47.848891735076904
52;77.2882936000824
53;43.48331141471863
54;34.959274768829346
55;174.54173684120178
56;54.79245209693909
57;58.248339891433716
58;53.994117736816406
59;35.494569063186646
60;46.410029888153076
61;37.58980655670166
62;81.79919409751892
63;42.71781063079834
64;85.45513939857483
65;66.05504035949707
66;88.31973576545715
67;63.40474724769592
68;72.48293328285217
69;75.02991771697998
70;73.58920550346375
71;75.86907720565796
72;48.56030631065369
73;34.87845420837402
74;54.47849798202515
75;38.52903437614441
76;45.11768078804016
77;45.10538077354431
78;65.53391313552856
79;68.7165174484253
80;63.386356830596924
81;50.56335401535034
82;28.708621501922607
83;41.16141748428345
84;65.11002039909363
85;49.811866998672485
86;55.94892978668213
87;38.568604469299316
88;38.09740209579468
89;34.06592917442322
90;63.73723769187927
91;114.11841320991516
92;60.05494999885559
93;47.22242617607117
94;27.8310706615448
95;95.33004999160767
96;33.657280683517456
97;91.53043460845947
98;44.524086713790894
99;37.78526258468628
